-v
0.5 0.5 0.5
-0.5 0.5 0.5
0.5 -0.5 0.5
-0.5 -0.5 0.5
0.5 0.5 -0.5
0.5 0.5 0.5
0.5 -0.5 -0.5
0.5 -0.5 0.5
-0.5 0.5 -0.5
0.5 0.5 -0.5
-0.5 -0.5 -0.5
0.5 -0.5 -0.5
-0.5 0.5 0.5
-0.5 0.5 -0.5
-0.5 -0.5 0.5
-0.5 -0.5 -0.5
0.5 0.5 -0.5
-0.5 0.5 -0.5
0.5 0.5 0.5
-0.5 0.5 0.5
-0.5 0.5 -0.5
0.5 0.5 -0.5
-0.5 0.5 0.5
0.5 0.5 0.5

-n
0 0 1
0 0 1
0 0 1
0 0 1
1 0 0
1 0 0
1 0 0
1 0 0
0 0 -1
0 0 -1
0 0 -1
0 0 -1
-1 0 0
-1 0 0
-1 0 0
-1 0 0
0 1 0
0 1 0
0 1 0
0 1 0
0 -1 0
0 -1 0
0 -1 0
0 -1 0

-i
0 1 2
2 3 2
4 5 6
5 7 6
8 9 10
9 11 10
12 13 14
13 15 14
16 17 18
17 19 18
20 21 22
21 23 22

-t
1 1
0 1
1 0
0 0
1 1
0 1
1 0
0 0
1 1
0 1
1 0
0 0
1 1
0 1
1 0
0 0
1 1
0 1
1 0
0 0
1 1
0 1
1 0
0 0
